Year,Country-of-origin,UNHCR-Refugees,Asylum-seekers,Total
2012,Afghanistan,1017,130,1147
2012,Albania,4422,38,4460
2012,Algeria,216,6,222
2012,Andorra,6,0,6
2012,Angola,134,17,151
2012,Antigua and Barbuda,5,0,5
2012,Egypt,6297,905,7202
2012,Argentina,123,7,130
2012,Armenia,4076,52,4128
2012,Austria,5,0,5
2012,Azerbaijan,582,23,605
2012,Bahrain,40,6,46
2012,Burundi,464,133,597
2012,Belgium,38,0,38
2012,Benin,64,9,73
2012,Bangladesh,1117,65,1182
2012,Bahamas,180,0,180
2012,Bhutan,70,0,70
2012,Burkina Faso,548,88,636
2012,Belarus,2054,96,2150
2012,Bolivia (Plurinational State of),137,26,163
2012,Botswana,5,0,5
2012,Brazil,679,110,789
2012,Bosnia and Herzegovina,200,8,208
2012,Bulgaria,796,12,808
2012,Belize,29,5,34
2012,Cambodia,356,5,361
2012,Canada,58,0,58
2012,Central African Rep.,228,11,239
2012,Chad,436,8,444
2012,China,60615,5403,66018
2012,Chile,69,5,74
2012,Cameroon,6676,121,6797
2012,Congo,1608,103,1711
2012,Dem. Rep. of the Congo,891,87,978
2012,Comoros,7,0,7
2012,Colombia,17766,178,17944
2012,Costa Rica,20,5,25
2012,Cuba,677,22,699
2012,Czechia,33,0,33
2012,Djibouti,88,56,144
2012,Dominica,11,0,11
2012,Dominican Rep.,60,18,78
2012,Ecuador,185,418,603
2012,Equatorial Guinea,10,0,10
2012,Eritrea,3512,48,3560
2012,Estonia,328,0,328
2012,Ethiopia,10508,354,10862
2012,Fiji,617,7,624
2012,Finland,5,0,5
2012,France,42,5,47
2012,Gabon,58,0,58
2012,Gambia,1049,99,1148
2012,Palestinian,8,0,8
2012,United Kingdom of Great Britain and Northern Ireland,53,5,58
2012,Georgia,693,9,702
2012,Germany,64,6,70
2012,Ghana,185,18,203
2012,Guinea-Bissau,38,0,38
2012,Greece,29,5,34
2012,Grenada,19,16,35
2012,Guatemala,5174,932,6106
2012,Guinea,3643,75,3718
2012,Guyana,145,8,153
2012,Haiti,26849,304,27153
2012,"China, Hong Kong SAR",6,0,6
2012,Honduras,1674,211,1885
2012,Croatia,60,0,60
2012,Hungary,27,5,32
2012,Cote d'Ivoire,1842,101,1943
2012,India,5041,368,5409
2012,Indonesia,4481,125,4606
2012,Iran (Islamic Rep. of),4313,314,4627
2012,Iraq,4759,325,5084
2012,Israel,188,16,204
2012,Italy,27,0,27
2012,Jamaica,340,40,380
2012,Jordan,399,39,438
2012,Japan,12,5,17
2012,Kazakhstan,536,86,622
2012,Kenya,2512,197,2709
2012,Kyrgyzstan,626,137,763
2012,Rep. of Korea,31,9,40
2012,Dem. People's Rep. of Korea,23,5,28
2012,Kuwait,74,6,80
2012,Lao People's Dem. Rep.,252,5,257
2012,Liberia,2149,43,2192
2012,Libya,137,37,174
2012,Saint Lucia,11,0,11
2012,Lebanon,515,29,544
2012,Sri Lanka,1252,94,1346
2012,Lithuania,81,0,81
2012,Latvia,105,0,105
2012,Madagascar,17,0,17
2012,Mauritania,1731,35,1766
2012,North Macedonia,187,14,201
2012,Monaco,5,0,5
2012,Rep. of Moldova,906,120,1026
2012,Maldives,8,0,8
2012,Mexico,2352,2169,4521
2012,Mali,949,86,1035
2012,Malaysia,137,15,152
2012,Malawi,40,5,45
2012,Montenegro,95,6,101
2012,Mongolia,844,69,913
2012,Morocco,117,9,126
2012,Malta,5,0,5
2012,Mauritius,16,0,16
2012,Myanmar,2739,41,2780
2012,Namibia,41,0,41
2012,Nepal,5121,763,5884
2012,Netherlands (Kingdom of the),12,5,17
2012,Niger,219,16,235
2012,Nicaragua,424,18,442
2012,Nigeria,719,65,784
2012,Niue,10,0,10
2012,Pakistan,3105,316,3421
2012,Panama,32,5,37
2012,Paraguay,28,0,28
2012,Peru,1091,55,1146
2012,Philippines,271,92,363
2012,Poland,56,13,69
2012,Portugal,10,5,15
2012,Qatar,9,0,9
2012,Romania,635,16,651
2012,South Africa,95,7,102
2012,Russian Federation,6714,386,7100
2012,Rwanda,946,102,1048
2012,El Salvador,6037,639,6676
2012,Saudi Arabia,133,23,156
2012,Senegal,360,50,410
2012,Seychelles,15,0,15
2012,Singapore,28,0,28
2012,Sierra Leone,1017,17,1034
2012,Somalia,2412,0,2412
2012,Spain,14,0,14
2012,Serbia and Kosovo: S/RES/1244 (1999),1791,60,1851
2012,Viet Nam,265,12,277
2012,South Sudan,5,0,5
2012,Stateless,1052,0,1052
2012,Sudan,1427,80,1507
2012,Suriname,5,0,5
2012,Slovakia,23,72,95
2012,Slovenia,11,0,11
2012,Eswatini,5,0,5
2012,Sweden,11,5,16
2012,Syrian Arab Rep.,1425,367,1792
2012,United Rep. of Tanzania,168,13,181
2012,Turks and Caicos Islands,14,0,14
2012,Thailand,29,0,29
2012,Tajikistan,186,60,246
2012,Turkmenistan,295,14,309
2012,Togo,2048,23,2071
2012,Trinidad and Tobago,62,22,84
2012,Tunisia,36,9,45
2012,Türkiye,496,37,533
2012,United Arab Emirates,30,0,30
2012,Uganda,1231,138,1369
2012,Unknown ,1681,77,1758
2012,Ukraine,1411,132,1543
2012,Uruguay,15,5,20
2012,Uzbekistan,1687,86,1773
2012,Saint Vincent and the Grenadines,5,0,5
2012,Venezuela (Bolivarian Republic of),6995,223,7218
2012,Yemen,343,46,389
2012,Zambia,96,0,96
2012,Zimbabwe,1866,39,1905
2013,Afghanistan,1071,238,1309
2013,Albania,3541,397,3938
2013,Algeria,189,41,230
2013,Andorra,5,0,5
2013,Angola,125,136,261
2013,Antigua and Barbuda,5,0,5
2013,Egypt,8497,2090,10587
2013,Argentina,105,46,151
2013,Armenia,3273,301,3574
2013,Austria,5,5,10
2013,Azerbaijan,464,65,529
2013,Bahrain,39,15,54
2013,Barbados,0,5,5
2013,Burundi,462,255,717
2013,Belgium,42,13,55
2013,Benin,73,28,101
2013,Bangladesh,1069,521,1590
2013,Bahamas,185,10,195
2013,Bhutan,60,8,68
2013,Burkina Faso,669,192,861
2013,Belarus,2039,151,2190
2013,Bolivia (Plurinational State of),123,89,212
2013,Botswana,5,0,5
2013,Brazil,669,453,1122
2013,Bosnia and Herzegovina,182,53,235
2013,Bulgaria,714,68,782
2013,Belize,30,48,78
2013,Cambodia,343,35,378
2013,Canada,54,13,67
2013,Central African Rep.,209,24,233
2013,Cayman Islands,6,0,6
2013,Chad,414,30,444
2013,China,65558,12398,77956
2013,Chile,60,30,90
2013,Cameroon,5714,431,6145
2013,Congo,1491,271,1762
2013,Dem. Rep. of the Congo,834,269,1103
2013,Comoros,7,0,7
2013,Colombia,13913,383,14296
2013,Costa Rica,181,442,623
2013,Cuba,600,154,754
2013,Curacao ,35,59,94
2013,Cabo Verde,0,5,5
2013,Czechia,29,13,42
2013,Denmark,0,5,5
2013,Djibouti,124,74,198
2013,Dominica,11,5,16
2013,Dominican Rep.,71,297,368
2013,Ecuador,209,2248,2457
2013,Equatorial Guinea,11,0,11
2013,Eritrea,3619,285,3904
2013,Estonia,310,15,325
2013,Ethiopia,10472,1258,11730
2013,Fiji,489,40,529
2013,Finland,5,0,5
2013,France,36,26,62
2013,Gabon,53,22,75
2013,Gambia,1133,299,1432
2013,Palestinian,6,9,15
2013,United Kingdom of Great Britain and Northern Ireland,52,37,89
2013,Georgia,608,89,697
2013,Germany,59,53,112
2013,Ghana,196,219,415
2013,Guinea-Bissau,37,5,42
2013,Greece,24,21,45
2013,Grenada,20,15,35
2013,Guatemala,5292,8168,13460
2013,Guinea,3466,209,3675
2013,Guyana,141,60,201
2013,Haiti,25891,2046,27937
2013,"China, Hong Kong SAR",5,5,10
2013,Honduras,2122,4436,6558
2013,Croatia,64,11,75
2013,Hungary,27,32,59
2013,Cote d'Ivoire,1788,202,1990
2013,India,4500,4033,8533
2013,Indonesia,4027,337,4364
2013,Ireland,0,7,7
2013,Iran (Islamic Rep. of),4492,914,5406
2013,Iraq,4863,942,5805
2013,Israel,174,52,226
2013,Italy,25,19,44
2013,Jamaica,380,255,635
2013,Jordan,383,165,548
2013,Japan,11,27,38
2013,Kazakhstan,558,226,784
2013,Kenya,2365,531,2896
2013,Kyrgyzstan,710,411,1121
2013,Rep. of Korea,30,59,89
2013,Dem. People's Rep. of Korea,23,0,23
2013,Kuwait,102,31,133
2013,Lao People's Dem. Rep.,225,35,260
2013,Liberia,1685,195,1880
2013,Libya,159,81,240
2013,Saint Lucia,9,5,14
2013,Lebanon,482,115,597
2013,Lesotho,5,0,5
2013,Sri Lanka,1318,275,1593
2013,Lithuania,63,6,69
2013,Latvia,82,18,100
2013,"China, Macao SAR",0,5,5
2013,Madagascar,15,0,15
2013,Mauritania,1544,148,1692
2013,North Macedonia,179,24,203
2013,Monaco,5,0,5
2013,Rep. of Moldova,1028,413,1441
2013,Maldives,8,0,8
2013,Mexico,2795,11757,14552
2013,Marshall Islands,5,5,10
2013,Mali,1071,240,1311
2013,Malaysia,113,47,160
2013,Malawi,39,10,49
2013,Montenegro,98,14,112
2013,Mongolia,881,199,1080
2013,Morocco,114,45,159
2013,Malta,5,0,5
2013,Mauritius,16,0,16
2013,Myanmar,2471,102,2573
2013,Namibia,43,0,43
2013,Nepal,5771,1831,7602
2013,Netherlands (Kingdom of the),11,13,24
2013,Niger,175,42,217
2013,Nicaragua,436,419,855
2013,Nigeria,733,424,1157
2013,Niue,14,0,14
2013,Pakistan,2997,878,3875
2013,Panama,33,17,50
2013,Paraguay,27,14,41
2013,Peru,932,430,1362
2013,Philippines,242,315,557
2013,Poland,46,51,97
2013,Portugal,10,14,24
2013,Qatar,10,0,10
2013,Romania,461,738,1199
2013,South Africa,83,34,117
2013,Russian Federation,6461,1096,7557
2013,Rwanda,959,235,1194
2013,El Salvador,7208,10289,17497
2013,Saudi Arabia,227,97,324
2013,Senegal,354,115,469
2013,Seychelles,14,0,14
2013,Singapore,26,10,36
2013,Sierra Leone,861,89,950
2013,Somalia,2310,329,2639
2013,Spain,14,15,29
2013,Serbia and Kosovo: S/RES/1244 (1999),1695,228,1923
2013,Viet Nam,263,119,382
2013,South Sudan,5,0,5
2013,Stateless,943,13,956
2013,Sudan,1364,182,1546
2013,Suriname,9,0,9
2013,Slovakia,20,12,32
2013,Slovenia,7,0,7
2013,Eswatini,5,0,5
2013,Sweden,8,5,13
2013,Syrian Arab Rep.,3802,1378,5180
2013,United Rep. of Tanzania,169,50,219
2013,Turks and Caicos Islands,15,0,15
2013,Thailand,28,26,54
2013,Tajikistan,200,93,293
2013,Turkmenistan,279,33,312
2013,Togo,1648,76,1724
2013,Trinidad and Tobago,63,68,131
2013,Tunisia,38,41,79
2013,Türkiye,446,128,574
2013,United Arab Emirates,44,12,56
2013,Uganda,1185,332,1517
2013,Unknown ,2173,346,2519
2013,Ukraine,1379,447,1826
2013,Uruguay,13,15,28
2013,Uzbekistan,1596,350,1946
2013,Saint Vincent and the Grenadines,5,0,5
2013,Venezuela (Bolivarian Republic of),7156,904,8060
2013,Yemen,356,130,486
2013,Zambia,82,12,94
2013,Zimbabwe,1711,98,1809
2014,Afghanistan,1210,412,1622
2014,Albania,2751,988,3739
2014,Algeria,172,56,228
2014,Andorra,5,0,5
2014,Angola,122,322,444
2014,Antigua and Barbuda,5,9,14
2014,Egypt,10047,2756,12803
2014,Argentina,85,87,172
2014,Armenia,2816,631,3447
2014,Austria,5,0,5
2014,Azerbaijan,384,157,541
2014,Bahrain,41,23,64
2014,Barbados,0,5,5
2014,Burundi,563,433,996
2014,Belgium,42,16,58
2014,Benin,76,65,141
2014,Bangladesh,1096,1867,2963
2014,Bahamas,185,22,207
2014,Bhutan,57,44,101
2014,Burkina Faso,827,780,1607
2014,Belarus,1923,346,2269
2014,Bolivia (Plurinational State of),118,177,295
2014,Botswana,5,5,10
2014,Brazil,656,1090,1746
2014,Bosnia and Herzegovina,175,76,251
2014,Bulgaria,652,122,774
2014,Belize,33,78,111
2014,Cambodia,267,35,302
2014,Canada,49,41,90
2014,Central African Rep.,215,83,298
2014,Cayman Islands,6,0,6
2014,Chad,403,96,499
2014,China,71902,37242,109144
2014,Chile,42,59,101
2014,Cameroon,5016,915,5931
2014,Congo,1351,566,1917
2014,Dem. Rep. of the Congo,817,468,1285
2014,Comoros,6,0,6
2014,Colombia,10552,1744,12296
2014,Costa Rica,175,115,290
2014,Cuba,578,235,813
2014,Curacao ,35,0,35
2014,Cabo Verde,0,8,8
2014,Czechia,23,13,36
2014,Denmark,0,10,10
2014,Djibouti,165,110,275
2014,Dominica,12,13,25
2014,Dominican Rep.,100,406,506
2014,Ecuador,334,6889,7223
2014,Equatorial Guinea,11,0,11
2014,Eritrea,3868,479,4347
2014,Estonia,294,19,313
2014,Ethiopia,10384,2139,12523
2014,Fiji,377,86,463
2014,Finland,5,0,5
2014,France,29,25,54
2014,Gabon,44,35,79
2014,Gambia,1264,750,2014
2014,Palestinian,5,9,14
2014,United Kingdom of Great Britain and Northern Ireland,52,69,121
2014,Georgia,496,212,708
2014,Germany,59,77,136
2014,Ghana,211,359,570
2014,Guadeloupe,0,12,12
2014,Guinea-Bissau,30,11,41
2014,Greece,27,29,56
2014,Grenada,23,37,60
2014,Guatemala,6098,15591,21689
2014,Guinea,3145,680,3825
2014,Guyana,116,119,235
2014,Haiti,24170,3426,27596
2014,"China, Hong Kong SAR",5,15,20
2014,Honduras,2797,8612,11409
2014,Croatia,59,13,72
2014,Hungary,25,59,84
2014,Cote d'Ivoire,1709,592,2301
2014,India,4484,7327,11811
2014,Indonesia,3604,982,4586
2014,Ireland,0,10,10
2014,Iran (Islamic Rep. of),4848,1619,6467
2014,Iraq,5284,1951,7235
2014,Israel,163,133,296
2014,Italy,24,38,62
2014,Jamaica,454,354,808
2014,Jordan,377,321,698
2014,Japan,11,46,57
2014,Kazakhstan,594,475,1069
2014,Kenya,2305,1013,3318
2014,Kyrgyzstan,833,1142,1975
2014,Rep. of Korea,27,85,112
2014,Dem. People's Rep. of Korea,22,11,33
2014,Kuwait,105,74,179
2014,Lao People's Dem. Rep.,199,95,294
2014,Liberia,1357,421,1778
2014,Libya,182,250,432
2014,Saint Lucia,9,6,15
2014,Lebanon,434,272,706
2014,Lesotho,5,0,5
2014,Sri Lanka,1322,746,2068
2014,Lithuania,47,26,73
2014,Latvia,55,37,92
2014,"China, Macao SAR",0,11,11
2014,Madagascar,19,7,26
2014,Mauritania,1327,528,1855
2014,North Macedonia,169,65,234
2014,Monaco,5,0,5
2014,Rep. of Moldova,1138,1011,2149
2014,Maldives,8,0,8
2014,Mexico,3807,29255,33062
2014,Marshall Islands,5,6,11
2014,Mali,1178,638,1816
2014,Malaysia,114,152,266
2014,Malawi,31,7,38
2014,Montenegro,98,0,98
2014,Mongolia,902,598,1500
2014,Morocco,118,101,219
2014,Mauritius,25,17,42
2014,Myanmar,2204,242,2446
2014,Namibia,43,6,49
2014,Nepal,6197,3547,9744
2014,Netherlands (Kingdom of the),10,24,34
2014,Niger,163,113,276
2014,Nicaragua,495,586,1081
2014,Nigeria,805,848,1653
2014,Niue,18,28,46
2014,Pakistan,3009,1902,4911
2014,Panama,25,22,47
2014,Paraguay,24,26,50
2014,Peru,773,855,1628
2014,Philippines,197,611,808
2014,Poland,41,183,224
2014,Portugal,10,24,34
2014,Qatar,10,5,15
2014,Romania,381,954,1335
2014,South Africa,72,69,141
2014,Russian Federation,6163,2452,8615
2014,Rwanda,1020,445,1465
2014,El Salvador,8256,16424,24680
2014,Saudi Arabia,254,225,479
2014,Senegal,361,458,819
2014,Seychelles,8,12,20
2014,Singapore,19,15,34
2014,Sierra Leone,710,175,885
2014,Somalia,2263,351,2614
2014,Spain,13,17,30
2014,Serbia and Kosovo: S/RES/1244 (1999),1596,462,2058
2014,Viet Nam,270,166,436
2014,South Sudan,5,0,5
2014,Stateless,817,0,817
2014,Saint Kitts and Nevis,5,0,5
2014,Sudan,1347,365,1712
2014,Suriname,9,12,21
2014,Slovakia,17,26,43
2014,Slovenia,7,0,7
2014,Sweden,8,5,13
2014,Switzerland,5,0,5
2014,Syrian Arab Rep.,4750,2302,7052
2014,United Rep. of Tanzania,164,76,240
2014,Turks and Caicos Islands,15,0,15
2014,Thailand,27,170,197
2014,Tajikistan,224,193,417
2014,Turkmenistan,246,74,320
2014,Togo,1206,157,1363
2014,Trinidad and Tobago,62,122,184
2014,Tunisia,44,70,114
2014,Türkiye,419,242,661
2014,United Arab Emirates,38,37,75
2014,Uganda,1178,581,1759
2014,Unknown ,2521,2038,4559
2014,Ukraine,1424,1806,3230
2014,Uruguay,8,42,50
2014,Uzbekistan,1497,753,2250
2014,Saint Vincent and the Grenadines,5,5,10
2014,Venezuela (Bolivarian Republic of),6693,4017,10710
2014,Yemen,410,278,688
2014,Zambia,70,17,87
2014,Zimbabwe,1492,280,1772
2015,Afghanistan,1361,609,1970
2015,Albania,2194,1229,3423
2015,Algeria,145,99,244
2015,Andorra,5,0,5
2015,Angola,133,560,693
2015,Antigua and Barbuda,5,5,10
2015,Egypt,10852,3120,13972
2015,Argentina,73,126,199
2015,Armenia,2440,854,3294
2015,Austria,0,5,5
2015,Azerbaijan,339,212,551
2015,Bahrain,44,22,66
2015,Burundi,652,557,1209
2015,Belgium,37,15,52
2015,Benin,85,113,198
2015,Bangladesh,1121,3375,4496
2015,Bahamas,180,28,208
2015,Bhutan,58,127,185
2015,Burkina Faso,929,1615,2544
2015,Belarus,1804,493,2297
2015,Bolivia (Plurinational State of),110,238,348
2015,Botswana,5,11,16
2015,Brazil,627,2001,2628
2015,Bosnia and Herzegovina,151,109,260
2015,Bulgaria,544,149,693
2015,Belize,38,91,129
2015,Cambodia,208,49,257
2015,Canada,45,38,83
2015,Central African Rep.,211,95,306
2015,Cayman Islands,6,0,6
2015,Chad,390,154,544
2015,China,74020,45500,119520
2015,Chile,33,85,118
2015,Cameroon,4530,1580,6110
2015,Congo,1344,901,2245
2015,Dem. Rep. of the Congo,842,686,1528
2015,Comoros,5,0,5
2015,Colombia,8043,2568,10611
2015,Costa Rica,174,208,382
2015,Cuba,476,267,743
2015,Curacao ,35,0,35
2015,Cabo Verde,0,12,12
2015,Czechia,20,21,41
2015,Denmark,0,10,10
2015,Djibouti,224,126,350
2015,Dominica,12,17,29
2015,Dominican Rep.,114,557,671
2015,Ecuador,579,10326,10905
2015,Equatorial Guinea,10,5,15
2015,Eritrea,4085,945,5030
2015,Estonia,279,27,306
2015,Ethiopia,10566,2925,13491
2015,Fiji,339,96,435
2015,Finland,5,0,5
2015,France,24,42,66
2015,Micronesia (Federated States of),0,6,6
2015,Gabon,45,57,102
2015,Gambia,1371,861,2232
2015,Palestinian,5,16,21
2015,United Kingdom of Great Britain and Northern Ireland,44,82,126
2015,Georgia,422,415,837
2015,Germany,54,76,130
2015,Ghana,262,667,929
2015,Guadeloupe,0,23,23
2015,Guinea-Bissau,24,16,40
2015,Greece,22,18,40
2015,Grenada,23,35,58
2015,Guatemala,8864,26670,35534
2015,Guinea,2862,778,3640
2015,Guyana,90,160,250
2015,Haiti,21508,4956,26464
2015,"China, Hong Kong SAR",5,16,21
2015,Honduras,4918,18418,23336
2015,Croatia,51,20,71
2015,Hungary,21,79,100
2015,Cote d'Ivoire,1574,670,2244
2015,India,4581,10548,15129
2015,Indonesia,3183,979,4162
2015,Ireland,0,15,15
2015,Iran (Islamic Rep. of),5216,2288,7504
2015,Iraq,5760,2729,8489
2015,Israel,145,192,337
2015,Italy,22,51,73
2015,Jamaica,514,504,1018
2015,Jordan,382,607,989
2015,Japan,9,53,62
2015,Kazakhstan,628,678,1306
2015,Kenya,2258,1258,3516
2015,Kyrgyzstan,986,1315,2301
2015,Rep. of Korea,29,99,128
2015,Dem. People's Rep. of Korea,19,7,26
2015,Kuwait,107,104,211
2015,Lao People's Dem. Rep.,173,133,306
2015,Liberia,1266,478,1744
2015,Libya,212,494,706
2015,Saint Lucia,9,12,21
2015,Lebanon,413,433,846
2015,Lesotho,5,0,5
2015,Sri Lanka,1313,995,2308
2015,Lithuania,38,40,78
2015,Latvia,44,60,104
2015,"China, Macao SAR",0,20,20
2015,Madagascar,18,7,25
2015,Mauritania,1174,725,1899
2015,North Macedonia,147,90,237
2015,Monaco,5,0,5
2015,Rep. of Moldova,1237,1361,2598
2015,Maldives,6,0,6
2015,Mexico,4822,46057,50879
2015,Marshall Islands,5,6,11
2015,Mali,1239,611,1850
2015,Malaysia,103,206,309
2015,Malawi,28,28,56
2015,Montenegro,102,60,162
2015,Mongolia,874,786,1660
2015,Morocco,117,132,249
2015,Mozambique,0,5,5
2015,Mauritius,28,32,60
2015,Myanmar,1999,346,2345
2015,Namibia,47,0,47
2015,Nepal,6605,4293,10898
2015,Netherlands (Kingdom of the),8,45,53
2015,Niger,153,152,305
2015,Nicaragua,523,844,1367
2015,Nigeria,908,1466,2374
2015,Niue,18,18,36
2015,Pakistan,3111,2748,5859
2015,Panama,23,34,57
2015,Paraguay,21,28,49
2015,Peru,696,1321,2017
2015,Philippines,169,754,923
2015,Poland,34,322,356
2015,Portugal,9,31,40
2015,Qatar,10,7,17
2015,Romania,369,1274,1643
2015,South Africa,62,96,158
2015,Russian Federation,5905,3767,9672
2015,Rwanda,1048,522,1570
2015,El Salvador,11273,28780,40053
2015,Saudi Arabia,293,359,652
2015,Senegal,357,533,890
2015,Seychelles,5,10,15
2015,Singapore,17,16,33
2015,Sierra Leone,634,195,829
2015,Somalia,2313,669,2982
2015,Spain,11,24,35
2015,Serbia and Kosovo: S/RES/1244 (1999),1396,377,1773
2015,Viet Nam,266,213,479
2015,South Sudan,5,10,15
2015,Stateless,703,0,703
2015,Saint Kitts and Nevis,5,5,10
2015,Sudan,1362,523,1885
2015,Suriname,11,12,23
2015,Slovakia,13,11,24
2015,Slovenia,5,5,10
2015,Eswatini,0,5,5
2015,Sweden,8,5,13
2015,Switzerland,5,0,5
2015,Syrian Arab Rep.,5651,3118,8769
2015,United Rep. of Tanzania,146,111,257
2015,Turks and Caicos Islands,14,0,14
2015,Thailand,26,386,412
2015,Tajikistan,250,225,475
2015,Turkmenistan,221,105,326
2015,Togo,883,227,1110
2015,Trinidad and Tobago,62,155,217
2015,Tunisia,44,84,128
2015,Türkiye,418,335,753
2015,United Arab Emirates,42,51,93
2015,Uganda,1231,850,2081
2015,Unknown ,2903,2466,5369
2015,Ukraine,1486,3859,5345
2015,Uruguay,6,52,58
2015,Uzbekistan,1431,990,2421
2015,Saint Vincent and the Grenadines,31,11,42
2015,Venezuela (Bolivarian Republic of),6193,11145,17338
2015,Yemen,457,661,1118
2015,Zambia,54,25,79
2015,Zimbabwe,1316,261,1577
2016,Afghanistan,1466,784,2250
2016,Albania,1738,1336,3074
2016,Algeria,131,148,279
2016,Angola,130,827,957
2016,Antigua and Barbuda,5,10,15
2016,Egypt,11220,3710,14930
2016,Argentina,59,160,219
2016,Armenia,1993,1361,3354
2016,Azerbaijan,294,437,731
2016,Bahrain,45,20,65
2016,Barbados,0,5,5
2016,Burundi,704,620,1324
2016,Belgium,32,10,42
2016,Benin,90,155,245
2016,Bangladesh,1085,4650,5735
2016,Bahamas,180,49,229
2016,Bhutan,50,227,277
2016,Burkina Faso,1007,2733,3740
2016,Belarus,1623,955,2578
2016,Bolivia (Plurinational State of),114,298,412
2016,Botswana,0,6,6
2016,Brazil,594,3478,4072
2016,Bosnia and Herzegovina,126,126,252
2016,Bulgaria,432,185,617
2016,Belize,40,150,190
2016,Cambodia,175,40,215
2016,Canada,43,37,80
2016,Central African Rep.,197,112,309
2016,Cayman Islands,6,0,6
2016,Chad,363,185,548
2016,China,72507,57450,129957
2016,Chile,29,105,134
2016,Cameroon,4085,2753,6838
2016,Congo,1301,1219,2520
2016,Dem. Rep. of the Congo,847,1018,1865
2016,Comoros,5,0,5
2016,Colombia,5803,4002,9805
2016,Costa Rica,172,292,464
2016,Cuba,406,377,783
2016,Curacao ,35,0,35
2016,Cabo Verde,0,17,17
2016,Czechia,15,19,34
2016,Denmark,0,5,5
2016,Djibouti,250,268,518
2016,Dominica,7,24,31
2016,Dominican Rep.,151,763,914
2016,Ecuador,745,13540,14285
2016,Equatorial Guinea,9,5,14
2016,Eritrea,4480,1447,5927
2016,Estonia,276,32,308
2016,Ethiopia,10216,4411,14627
2016,Fiji,278,126,404
2016,Finland,5,0,5
2016,France,24,74,98
2016,Gabon,40,101,141
2016,Gambia,1425,931,2356
2016,Palestinian,5,33,38
2016,United Kingdom of Great Britain and Northern Ireland,42,80,122
2016,Georgia,370,801,1171
2016,Germany,41,104,145
2016,Ghana,361,967,1328
2016,Guinea-Bissau,25,16,41
2016,Greece,19,25,44
2016,Grenada,24,33,57
2016,Guatemala,11328,45508,56836
2016,Guinea,2476,1020,3496
2016,Guyana,78,214,292
2016,Haiti,18484,9245,27729
2016,"China, Hong Kong SAR",5,0,5
2016,Honduras,7128,32614,39742
2016,Croatia,45,24,69
2016,Hungary,19,103,122
2016,Cote d'Ivoire,1389,856,2245
2016,India,4515,16108,20623
2016,Indonesia,2524,1138,3662
2016,Ireland,0,21,21
2016,Iran (Islamic Rep. of),5400,2842,8242
2016,Iraq,6082,3631,9713
2016,Israel,131,302,433
2016,Italy,19,76,95
2016,Jamaica,590,680,1270
2016,Jordan,388,1086,1474
2016,Japan,6,61,67
2016,Kazakhstan,658,1051,1709
2016,Kenya,2196,1872,4068
2016,Kyrgyzstan,1089,1373,2462
2016,Rep. of Korea,30,109,139
2016,Dem. People's Rep. of Korea,13,13,26
2016,Kuwait,112,153,265
2016,Lao People's Dem. Rep.,151,139,290
2016,Liberia,1176,685,1861
2016,Libya,236,827,1063
2016,Saint Lucia,9,12,21
2016,Lebanon,404,575,979
2016,Lesotho,5,0,5
2016,Sri Lanka,1271,1219,2490
2016,Lithuania,18,45,63
2016,Latvia,27,68,95
2016,Madagascar,17,5,22
2016,Mauritania,991,838,1829
2016,North Macedonia,119,118,237
2016,Monaco,5,0,5
2016,Rep. of Moldova,1322,1738,3060
2016,Maldives,6,0,6
2016,Mexico,6161,63823,69984
2016,Marshall Islands,5,0,5
2016,Mali,1215,612,1827
2016,Malaysia,100,251,351
2016,Malawi,31,50,81
2016,Montenegro,105,109,214
2016,Mongolia,836,1325,2161
2016,Morocco,113,144,257
2016,Mozambique,0,7,7
2016,Mauritius,31,41,72
2016,Myanmar,1751,510,2261
2016,Namibia,45,0,45
2016,Nepal,6784,5820,12604
2016,Netherlands (Kingdom of the),13,32,45
2016,Niger,134,200,334
2016,Nicaragua,513,1222,1735
2016,Nigeria,983,2535,3518
2016,Niue,19,0,19
2016,Oman,5,0,5
2016,Pakistan,3118,4033,7151
2016,Panama,15,57,72
2016,Paraguay,19,54,73
2016,Peru,580,1992,2572
2016,Philippines,138,1024,1162
2016,Poland,27,483,510
2016,Portugal,5,40,45
2016,Qatar,10,13,23
2016,Romania,343,2041,2384
2016,South Africa,42,142,184
2016,Russian Federation,5503,5511,11014
2016,Rwanda,1061,577,1638
2016,El Salvador,14331,55594,69925
2016,Saudi Arabia,318,564,882
2016,Senegal,361,635,996
2016,Seychelles,5,0,5
2016,Singapore,15,18,33
2016,Sierra Leone,549,233,782
2016,Somalia,2319,638,2957
2016,Spain,11,46,57
2016,Serbia and Kosovo: S/RES/1244 (1999),1187,503,1690
2016,Viet Nam,264,282,546
2016,South Sudan,5,12,17
2016,Stateless,571,0,571
2016,Saint Kitts and Nevis,5,5,10
2016,Sudan,1383,739,2122
2016,Suriname,8,5,13
2016,Slovakia,12,16,28
2016,Slovenia,5,6,11
2016,Sweden,8,12,20
2016,Switzerland,5,10,15
2016,Syrian Arab Rep.,6444,3364,9808
2016,United Rep. of Tanzania,128,138,266
2016,Turks and Caicos Islands,14,0,14
2016,Thailand,27,402,429
2016,Tajikistan,259,312,571
2016,Turkmenistan,174,137,311
2016,Togo,683,359,1042
2016,Tonga,0,5,5
2016,Trinidad and Tobago,60,180,240
2016,Tunisia,56,130,186
2016,Türkiye,389,980,1369
2016,United Arab Emirates,36,115,151
2016,Uganda,1268,1291,2559
2016,Unknown ,3814,2376,6190
2016,Ukraine,1573,5985,7558
2016,Uruguay,5,77,82
2016,Uzbekistan,1298,1259,2557
2016,Saint Vincent and the Grenadines,31,7,38
2016,Venezuela (Bolivarian Republic of),5519,29105,34624
2016,Yemen,509,842,1351
2016,Zambia,44,40,84
2016,Zimbabwe,1163,573,1736
2017,Afghanistan,1564,810,2374
2017,Albania,1527,1636,3163
2017,Algeria,131,274,405
2017,Angola,157,1143,1300
2017,Antigua and Barbuda,5,10,15
2017,Egypt,11926,4599,16525
2017,Argentina,55,232,287
2017,Armenia,1663,2032,3695
2017,Austria,5,12,17
2017,Azerbaijan,298,875,1173
2017,Bahrain,45,29,74
2017,Barbados,0,10,10
2017,Burundi,747,693,1440
2017,Belgium,32,19,51
2017,Benin,97,186,283
2017,Bangladesh,1248,6225,7473
2017,Bahamas,179,61,240
2017,Bhutan,43,323,366
2017,Burkina Faso,1163,3388,4551
2017,Belarus,1537,1769,3306
2017,Bolivia (Plurinational State of),113,381,494
2017,Botswana,0,9,9
2017,Brazil,593,6052,6645
2017,Bosnia and Herzegovina,101,157,258
2017,Bulgaria,352,230,582
2017,Belize,43,194,237
2017,Cambodia,139,46,185
2017,Canada,42,40,82
2017,Central African Rep.,210,116,326
2017,Cayman Islands,6,0,6
2017,Chad,335,218,553
2017,China,74476,68414,142890
2017,Chile,27,161,188
2017,Cameroon,3992,4056,8048
2017,Congo,1331,1516,2847
2017,Dem. Rep. of the Congo,939,1324,2263
2017,Comoros,5,0,5
2017,Colombia,4264,7002,11266
2017,Costa Rica,170,443,613
2017,Cuba,431,1008,1439
2017,Curacao ,35,0,35
2017,Cabo Verde,0,23,23
2017,Czechia,18,22,40
2017,Denmark,0,5,5
2017,Djibouti,282,535,817
2017,Dominica,10,32,42
2017,Dominican Rep.,179,936,1115
2017,Ecuador,948,17082,18030
2017,Equatorial Guinea,9,24,33
2017,Eritrea,5145,1697,6842
2017,Estonia,266,36,302
2017,Ethiopia,9987,5506,15493
2017,French Guiana,0,5,5
2017,Fiji,231,196,427
2017,Finland,5,0,5
2017,France,24,70,94
2017,Gabon,40,181,221
2017,Gambia,1503,903,2406
2017,Palestinian,5,57,62
2017,United Kingdom of Great Britain and Northern Ireland,39,108,147
2017,Georgia,382,1469,1851
2017,Germany,40,125,165
2017,Ghana,399,983,1382
2017,Guadeloupe,0,37,37
2017,Guinea-Bissau,24,19,43
2017,Greece,15,48,63
2017,Grenada,24,36,60
2017,Guatemala,14971,71443,86414
2017,Guinea,2305,1223,3528
2017,Guyana,75,332,407
2017,Haiti,17055,15184,32239
2017,"China, Hong Kong SAR",0,17,17
2017,Honduras,10107,53905,64012
2017,Croatia,34,34,68
2017,Hungary,18,173,191
2017,Cote d'Ivoire,1263,1092,2355
2017,India,4836,23395,28231
2017,Indonesia,1834,1792,3626
2017,Ireland,0,30,30
2017,Iran (Islamic Rep. of),5536,3266,8802
2017,Iraq,6130,3869,9999
2017,Israel,138,437,575
2017,Italy,20,145,165
2017,Jamaica,697,915,1612
2017,Jordan,428,1820,2248
2017,Japan,6,78,84
2017,Kazakhstan,707,1558,2265
2017,Kenya,2087,2905,4992
2017,Kyrgyzstan,1270,1407,2677
2017,Rep. of Korea,29,166,195
2017,Dem. People's Rep. of Korea,12,25,37
2017,Kuwait,130,185,315
2017,Lao People's Dem. Rep.,108,174,282
2017,Liberia,1179,956,2135
2017,Libya,280,1041,1321
2017,Saint Lucia,9,21,30
2017,Lebanon,378,699,1077
2017,Lesotho,6,0,6
2017,Sri Lanka,1270,1545,2815
2017,Lithuania,20,51,71
2017,Latvia,19,86,105
2017,"China, Macao SAR",0,5,5
2017,Madagascar,17,5,22
2017,Mauritania,944,858,1802
2017,North Macedonia,108,163,271
2017,Monaco,5,0,5
2017,Rep. of Moldova,1400,2204,3604
2017,Maldives,6,5,11
2017,Mexico,7709,83501,91210
2017,Marshall Islands,7,0,7
2017,Mali,1191,611,1802
2017,Malaysia,93,313,406
2017,Malawi,33,71,104
2017,Montenegro,109,206,315
2017,Mongolia,766,1882,2648
2017,Morocco,114,198,312
2017,Mozambique,0,31,31
2017,Mauritius,31,44,75
2017,Myanmar,1623,779,2402
2017,Namibia,45,6,51
2017,Nepal,6907,6872,13779
2017,Netherlands (Kingdom of the),13,41,54
2017,Niger,138,262,400
2017,Nicaragua,563,1815,2378
2017,Nigeria,1154,5486,6640
2017,Niue,19,5,24
2017,Oman,5,5,10
2017,Pakistan,3308,5173,8481
2017,Panama,15,77,92
2017,Paraguay,19,76,95
2017,Peru,528,2709,3237
2017,Philippines,145,1414,1559
2017,Poland,23,659,682
2017,Portugal,5,88,93
2017,Qatar,13,34,47
2017,Romania,371,2950,3321
2017,South Africa,40,294,334
2017,Russian Federation,5463,7980,13443
2017,Rwanda,1079,674,1753
2017,El Salvador,18763,91429,110192
2017,Saudi Arabia,391,752,1143
2017,Senegal,388,620,1008
2017,Seychelles,5,0,5
2017,Singapore,15,30,45
2017,Sierra Leone,523,290,813
2017,Somalia,2297,550,2847
2017,Spain,11,65,76
2017,Serbia and Kosovo: S/RES/1244 (1999),1039,606,1645
2017,Viet Nam,256,444,700
2017,South Sudan,7,28,35
2017,Stateless,455,0,455
2017,Saint Kitts and Nevis,5,0,5
2017,Sudan,1382,903,2285
2017,Suriname,9,17,26
2017,Slovakia,10,15,25
2017,Slovenia,5,5,10
2017,Eswatini,5,6,11
2017,Sweden,8,8,16
2017,Switzerland,5,10,15
2017,Syrian Arab Rep.,7282,3358,10640
2017,United Rep. of Tanzania,133,154,287
2017,Turks and Caicos Islands,14,0,14
2017,Thailand,29,465,494
2017,Tajikistan,283,404,687
2017,Turkmenistan,159,235,394
2017,Togo,604,494,1098
2017,Tonga,0,10,10
2017,Trinidad and Tobago,55,227,282
2017,Tunisia,54,204,258
2017,Türkiye,428,2646,3074
2017,United Arab Emirates,39,150,189
2017,Uganda,1301,1821,3122
2017,Unknown ,4506,3604,8110
2017,Ukraine,1812,7574,9386
2017,Uruguay,5,118,123
2017,Uzbekistan,1210,1614,2824
2017,Saint Vincent and the Grenadines,31,17,48
2017,Venezuela (Bolivarian Republic of),5402,58811,64213
2017,Yemen,549,908,1457
2017,Zambia,44,66,110
2017,Zimbabwe,1049,768,1817
2018,Afghanistan,1599,765,2364
2018,Albania,1516,1717,3233
2018,Algeria,147,333,480
2018,Angola,207,1416,1623
2018,Antigua and Barbuda,5,5,10
2018,Egypt,13163,4677,17840
2018,Argentina,45,231,276
2018,Armenia,1639,2456,4095
2018,Australia,0,10,10
2018,Austria,14,0,14
2018,Azerbaijan,386,1003,1389
2018,Bahrain,47,28,75
2018,Barbados,0,10,10
2018,Burundi,789,655,1444
2018,Belgium,29,34,63
2018,Benin,95,202,297
2018,Bangladesh,1628,6444,8072
2018,Bahamas,180,86,266
2018,Bhutan,41,330,371
2018,Burkina Faso,1300,3303,4603
2018,Belarus,1634,1970,3604
2018,Bolivia (Plurinational State of),105,405,510
2018,Botswana,0,7,7
2018,Brazil,709,7378,8087
2018,Bosnia and Herzegovina,100,192,292
2018,Bulgaria,277,254,531
2018,Belize,44,204,248
2018,Cambodia,148,64,212
2018,Canada,42,54,96
2018,Central African Rep.,215,106,321
2018,Cayman Islands,6,0,6
2018,Chad,309,212,521
2018,China,77710,66561,144271
2018,Chile,25,179,204
2018,Cameroon,4300,4414,8714
2018,Congo,1247,270,1517
2018,Dem. Rep. of the Congo,1232,2819,4051
2018,Comoros,5,0,5
2018,Colombia,3292,9398,12690
2018,Costa Rica,171,486,657
2018,Cuba,611,1398,2009
2018,Curacao ,35,0,35
2018,Cabo Verde,0,23,23
2018,Cyprus,0,5,5
2018,Czechia,15,27,42
2018,Denmark,0,5,5
2018,Djibouti,302,525,827
2018,Dominica,11,25,36
2018,Dominican Rep.,208,1003,1211
2018,Ecuador,1144,17302,18446
2018,Equatorial Guinea,11,42,53
2018,Eritrea,5725,1372,7097
2018,Estonia,264,37,301
2018,Ethiopia,9635,5679,15314
2018,French Guiana,0,5,5
2018,Fiji,185,253,438
2018,Finland,5,0,5
2018,France,24,128,152
2018,Gabon,49,217,266
2018,Gambia,1521,836,2357
2018,Palestinian,5,77,82
2018,United Kingdom of Great Britain and Northern Ireland,36,114,150
2018,Georgia,411,1581,1992
2018,Germany,42,125,167
2018,Ghana,429,935,1364
2018,Guadeloupe,0,11,11
2018,Guinea-Bissau,23,20,43
2018,Greece,15,68,83
2018,Grenada,22,38,60
2018,Guatemala,17610,84848,102458
2018,Guinea,2146,1126,3272
2018,Guyana,98,376,474
2018,Haiti,16192,17073,33265
2018,"China, Hong Kong SAR",0,6,6
2018,Honduras,12578,60417,72995
2018,Croatia,32,37,69
2018,Hungary,18,212,230
2018,Cote d'Ivoire,1233,1157,2390
2018,India,6110,28489,34599
2018,Indonesia,1379,2036,3415
2018,Ireland,0,26,26
2018,Iran (Islamic Rep. of),5648,3158,8806
2018,Iraq,5947,3626,9573
2018,Israel,138,477,615
2018,Italy,22,190,212
2018,Jamaica,832,958,1790
2018,Jordan,557,2045,2602
2018,Japan,8,82,90
2018,Kazakhstan,843,1809,2652
2018,Kenya,1987,3836,5823
2018,Kyrgyzstan,1412,1430,2842
2018,Rep. of Korea,33,207,240
2018,Dem. People's Rep. of Korea,8,35,43
2018,Kuwait,148,195,343
2018,Lao People's Dem. Rep.,97,162,259
2018,Liberia,1252,985,2237
2018,Libya,361,1034,1395
2018,Saint Lucia,9,21,30
2018,Lebanon,396,732,1128
2018,Lesotho,6,0,6
2018,Sri Lanka,1281,1624,2905
2018,Lithuania,19,62,81
2018,Latvia,24,82,106
2018,Madagascar,14,14,28
2018,Mauritania,983,810,1793
2018,North Macedonia,123,179,302
2018,Monaco,5,0,5
2018,Rep. of Moldova,1502,2214,3716
2018,Maldives,6,5,11
2018,Mexico,9271,85596,94867
2018,Marshall Islands,7,0,7
2018,Mali,1191,574,1765
2018,Malaysia,94,301,395
2018,Malawi,35,99,134
2018,Montenegro,120,259,379
2018,Mongolia,758,1995,2753
2018,Morocco,111,215,326
2018,Mozambique,5,37,42
2018,Malta,0,5,5
2018,Mauritius,36,42,78
2018,Myanmar,1553,956,2509
2018,Namibia,44,7,51
2018,Nepal,7053,6724,13777
2018,Netherlands (Kingdom of the),11,51,62
2018,Niger,137,290,427
2018,Nicaragua,672,2721,3393
2018,Nigeria,1703,8685,10388
2018,Niue,19,5,24
2018,Oman,5,11,16
2018,Pakistan,3722,5334,9056
2018,Panama,14,84,98
2018,Paraguay,21,82,103
2018,Peru,501,2942,3443
2018,Philippines,166,1457,1623
2018,Poland,17,765,782
2018,Portugal,5,129,134
2018,Qatar,13,33,46
2018,Romania,401,3116,3517
2018,South Africa,47,419,466
2018,Russian Federation,5813,8901,14714
2018,Rwanda,1152,788,1940
2018,El Salvador,22152,101000,123152
2018,Saudi Arabia,482,770,1252
2018,Senegal,406,603,1009
2018,Seychelles,5,0,5
2018,Singapore,13,32,45
2018,Sierra Leone,492,308,800
2018,Somalia,2231,423,2654
2018,Spain,13,72,85
2018,Serbia and Kosovo: S/RES/1244 (1999),918,664,1582
2018,Viet Nam,275,571,846
2018,South Sudan,24,34,58
2018,Stateless,332,0,332
2018,Saint Kitts and Nevis,5,0,5
2018,Sudan,1411,883,2294
2018,Suriname,12,26,38
2018,Slovakia,8,15,23
2018,Slovenia,6,5,11
2018,Eswatini,5,10,15
2018,Sweden,8,10,18
2018,Switzerland,5,13,18
2018,Syrian Arab Rep.,7998,3057,11055
2018,United Rep. of Tanzania,131,174,305
2018,Turks and Caicos Islands,14,0,14
2018,Thailand,36,475,511
2018,Tajikistan,316,415,731
2018,Turkmenistan,193,260,453
2018,Togo,588,530,1118
2018,Tonga,0,6,6
2018,Trinidad and Tobago,51,215,266
2018,Tunisia,82,228,310
2018,Türkiye,1127,3390,4517
2018,United Arab Emirates,59,150,209
2018,Uganda,1560,2403,3963
2018,Unknown ,5027,4091,9118
2018,Ukraine,2270,7661,9931
2018,Uruguay,0,116,116
2018,Uzbekistan,1246,1893,3139
2018,Vanuatu,0,12,12
2018,Saint Vincent and the Grenadines,31,25,56
2018,Venezuela (Bolivarian Republic of),11259,81800,93059
2018,Yemen,606,800,1406
2018,Zambia,46,142,188
2018,Zimbabwe,916,783,1699
2019,Afghanistan,1629,727,2356
2019,Albania,1436,1902,3338
2019,Algeria,158,376,534
2019,Angola,246,1684,1930
2019,Antigua and Barbuda,8,12,20
2019,Egypt,14291,4721,19012
2019,Argentina,41,264,305
2019,Armenia,1551,2925,4476
2019,Australia,5,13,18
2019,Austria,13,0,13
2019,Azerbaijan,474,1098,1572
2019,Bahrain,47,34,81
2019,Barbados,0,5,5
2019,Burundi,846,612,1458
2019,Belgium,23,32,55
2019,Benin,89,198,287
2019,Bangladesh,2038,7303,9341
2019,Bahamas,181,96,277
2019,Bhutan,34,353,387
2019,Burkina Faso,1403,3292,4695
2019,Belarus,1631,2193,3824
2019,Bolivia (Plurinational State of),111,453,564
2019,Botswana,0,6,6
2019,Brazil,932,9217,10149
2019,Bosnia and Herzegovina,98,174,272
2019,Bulgaria,234,265,499
2019,Belize,43,239,282
2019,Cambodia,142,63,205
2019,Canada,31,55,86
2019,Central African Rep.,199,99,298
2019,Cayman Islands,6,0,6
2019,Chad,276,223,499
2019,China,78752,68794,147546
2019,Chile,23,220,243
2019,Cameroon,5000,5078,10078
2019,Congo,1186,428,1614
2019,Dem. Rep. of the Congo,1448,2912,4360
2019,Comoros,5,10,15
2019,Colombia,2936,12570,15506
2019,Costa Rica,172,550,722
2019,Cuba,1765,5899,7664
2019,Curacao ,35,0,35
2019,Cabo Verde,0,33,33
2019,Cyprus,0,5,5
2019,Czechia,13,33,46
2019,Denmark,0,5,5
2019,Djibouti,352,468,820
2019,Dominica,16,22,38
2019,Dominican Rep.,246,1046,1292
2019,Ecuador,1378,18557,19935
2019,Equatorial Guinea,17,52,69
2019,Eritrea,5941,1056,6997
2019,Estonia,254,38,292
2019,Ethiopia,9079,5556,14635
2019,French Guiana,0,5,5
2019,Fiji,154,278,432
2019,France,23,141,164
2019,Gabon,49,254,303
2019,Gambia,1511,816,2327
2019,Palestinian,14,99,113
2019,United Kingdom of Great Britain and Northern Ireland,32,110,142
2019,Georgia,456,1852,2308
2019,Germany,43,125,168
2019,Ghana,481,912,1393
2019,Guinea-Bissau,19,26,45
2019,Greece,15,71,86
2019,Grenada,25,40,65
2019,Guatemala,20883,114404,135287
2019,Guinea,2001,1098,3099
2019,Guyana,114,394,508
2019,Haiti,15698,19061,34759
2019,"China, Hong Kong SAR",0,15,15
2019,Honduras,15110,81375,96485
2019,Croatia,31,33,64
2019,Hungary,16,247,263
2019,Cote d'Ivoire,1162,1199,2361
2019,India,8174,33996,42170
2019,Indonesia,1228,2271,3499
2019,Ireland,0,29,29
2019,Iran (Islamic Rep. of),5824,2816,8640
2019,Iraq,5632,3339,8971
2019,Israel,130,480,610
2019,Italy,22,240,262
2019,Jamaica,926,1049,1975
2019,Jordan,621,2289,2910
2019,Japan,6,79,85
2019,Kazakhstan,1025,2196,3221
2019,Kenya,1931,4485,6416
2019,Kyrgyzstan,1584,1528,3112
2019,Rep. of Korea,32,162,194
2019,Dem. People's Rep. of Korea,6,26,32
2019,Kuwait,147,198,345
2019,Lao People's Dem. Rep.,79,156,235
2019,Liberia,1276,1040,2316
2019,Libya,395,1027,1422
2019,Saint Lucia,9,21,30
2019,Lebanon,411,810,1221
2019,Lesotho,6,0,6
2019,Sri Lanka,1232,1746,2978
2019,Lithuania,24,62,86
2019,Latvia,21,81,102
2019,Madagascar,12,14,26
2019,Mauritania,990,911,1901
2019,North Macedonia,121,193,314
2019,Monaco,5,0,5
2019,Rep. of Moldova,1530,2215,3745
2019,Maldives,5,0,5
2019,Mexico,11410,94275,105685
2019,Marshall Islands,7,0,7
2019,Mali,1129,563,1692
2019,Malaysia,97,348,445
2019,Malawi,37,115,152
2019,Montenegro,94,331,425
2019,Mongolia,804,2067,2871
2019,Morocco,125,212,337
2019,Mozambique,21,36,57
2019,Malta,0,5,5
2019,Mauritius,38,39,77
2019,Myanmar,1429,1294,2723
2019,Namibia,43,20,63
2019,Nepal,7122,6755,13877
2019,Netherlands (Kingdom of the),11,56,67
2019,Niger,152,303,455
2019,Nicaragua,1489,5861,7350
2019,Nigeria,2291,11682,13973
2019,Niue,19,6,25
2019,Oman,9,21,30
2019,Pakistan,3964,5567,9531
2019,Panama,13,105,118
2019,Paraguay,20,90,110
2019,Peru,531,3170,3701
2019,Philippines,168,1510,1678
2019,Poland,12,851,863
2019,Portugal,5,179,184
2019,Qatar,21,26,47
2019,Romania,444,3080,3524
2019,South Africa,52,291,343
2019,Russian Federation,6702,10194,16896
2019,Rwanda,1247,897,2144
2019,El Salvador,26216,113404,139620
2019,Saudi Arabia,568,768,1336
2019,Senegal,405,605,1010
2019,Seychelles,5,0,5
2019,Singapore,8,39,47
2019,Sierra Leone,464,316,780
2019,Somalia,1971,345,2316
2019,Spain,10,108,118
2019,Serbia and Kosovo: S/RES/1244 (1999),845,1095,1940
2019,Viet Nam,353,928,1281
2019,South Sudan,45,37,82
2019,Stateless,168,0,168
2019,Saint Kitts and Nevis,5,5,10
2019,Sudan,1441,839,2280
2019,Suriname,12,37,49
2019,Slovakia,6,12,18
2019,Slovenia,6,10,16
2019,Eswatini,5,17,22
2019,Sweden,5,18,23
2019,Switzerland,5,10,15
2019,Syrian Arab Rep.,8449,2660,11109
2019,United Rep. of Tanzania,130,193,323
2019,Turks and Caicos Islands,14,0,14
2019,Thailand,39,459,498
2019,Tajikistan,331,475,806
2019,Turkmenistan,205,285,490
2019,Timor-Leste,0,10,10
2019,Togo,565,574,1139
2019,Tonga,0,8,8
2019,Trinidad and Tobago,49,224,273
2019,Tunisia,86,246,332
2019,Türkiye,2501,3518,6019
2019,United Arab Emirates,72,154,226
2019,Uganda,1760,2795,4555
2019,Unknown ,6182,2607,8789
2019,Ukraine,2580,7817,10397
2019,Uruguay,5,123,128
2019,Uzbekistan,1317,2156,3473
2019,Vanuatu,0,9,9
2019,Saint Vincent and the Grenadines,32,20,52
2019,Venezuela (Bolivarian Republic of),15706,104989,120695
2019,Yemen,692,811,1503
2019,Zambia,51,86,137
2019,Zimbabwe,825,867,1692
2020,Afghanistan,1592,796,2388
2020,Albania,1314,2129,3443
2020,Algeria,155,434,589
2020,Angola,264,2095,2359
2020,Antigua and Barbuda,7,13,20
2020,Egypt,14359,5461,19820
2020,Argentina,32,313,345
2020,Armenia,1360,3468,4828
2020,Australia,5,12,17
2020,Austria,13,0,13
2020,Azerbaijan,487,1195,1682
2020,Bahrain,43,38,81
2020,Barbados,0,5,5
2020,Burundi,849,621,1470
2020,Belgium,17,34,51
2020,Benin,82,240,322
2020,Bangladesh,2162,7952,10114
2020,Bahamas,181,127,308
2020,Bhutan,34,358,392
2020,Burkina Faso,1377,3335,4712
2020,Belarus,1547,2477,4024
2020,Bolivia (Plurinational State of),96,483,579
2020,Botswana,0,5,5
2020,Brazil,989,13245,14234
2020,Bosnia and Herzegovina,92,200,292
2020,Bulgaria,200,283,483
2020,Belize,39,279,318
2020,Cambodia,128,71,199
2020,Canada,26,65,91
2020,Central African Rep.,181,111,292
2020,Cayman Islands,5,0,5
2020,Chad,242,241,483
2020,China,74948,75843,150791
2020,Chile,21,418,439
2020,Cameroon,5204,5274,10478
2020,Congo,1120,2029,3149
2020,Dem. Rep. of the Congo,1469,1975,3444
2020,Comoros,5,5,10
2020,Colombia,2668,16868,19536
2020,Costa Rica,171,601,772
2020,Cuba,2591,9751,12342
2020,Curacao ,35,0,35
2020,Cabo Verde,0,33,33
2020,Cyprus,0,7,7
2020,Czechia,8,59,67
2020,Denmark,0,5,5
2020,Djibouti,361,469,830
2020,Dominica,15,25,40
2020,Dominican Rep.,255,1141,1396
2020,Ecuador,1453,20863,22316
2020,Equatorial Guinea,17,71,88
2020,Eritrea,5765,1019,6784
2020,Estonia,252,36,288
2020,Ethiopia,8245,5885,14130
2020,French Guiana,0,8,8
2020,Fiji,126,323,449
2020,France,21,77,98
2020,Gabon,53,284,337
2020,Gambia,1449,815,2264
2020,Palestinian,21,102,123
2020,United Kingdom of Great Britain and Northern Ireland,30,113,143
2020,Georgia,456,2005,2461
2020,Germany,36,132,168
2020,Ghana,491,963,1454
2020,Guadeloupe,0,86,86
2020,Guinea-Bissau,18,37,55
2020,Greece,14,77,91
2020,Grenada,20,38,58
2020,Guatemala,21951,139527,161478
2020,Guinea,1755,1164,2919
2020,Guyana,106,437,543
2020,Haiti,15125,25292,40417
2020,"China, Hong Kong SAR",5,69,74
2020,Honduras,15940,101617,117557
2020,Croatia,27,37,64
2020,Hungary,12,297,309
2020,Cote d'Ivoire,1096,1302,2398
2020,India,8677,37896,46573
2020,Indonesia,1084,2492,3576
2020,Ireland,0,28,28
2020,Iran (Islamic Rep. of),5582,2944,8526
2020,Iraq,5437,3432,8869
2020,Israel,115,476,591
2020,Italy,17,299,316
2020,Jamaica,896,1164,2060
2020,Jordan,619,2658,3277
2020,Japan,6,81,87
2020,Kazakhstan,1056,2860,3916
2020,Kenya,1735,5586,7321
2020,Kyrgyzstan,1612,1876,3488
2020,Rep. of Korea,27,246,273
2020,Dem. People's Rep. of Korea,6,26,32
2020,Kuwait,144,198,342
2020,Lao People's Dem. Rep.,65,170,235
2020,Liberia,1239,1154,2393
2020,Libya,416,1028,1444
2020,Saint Lucia,6,24,30
2020,Lebanon,381,1078,1459
2020,Lesotho,6,0,6
2020,Sri Lanka,1096,1890,2986
2020,Lithuania,21,59,80
2020,Latvia,21,82,103
2020,"China, Macao SAR",0,11,11
2020,Madagascar,8,15,23
2020,Mauritania,956,1077,2033
2020,North Macedonia,110,220,330
2020,Rep. of Moldova,1466,2324,3790
2020,Maldives,5,0,5
2020,Mexico,12076,104529,116605
2020,Marshall Islands,7,0,7
2020,Mali,1015,604,1619
2020,Malaysia,93,374,467
2020,Malawi,35,137,172
2020,Montenegro,95,447,542
2020,Mongolia,726,2234,2960
2020,Morocco,124,243,367
2020,Mozambique,24,38,62
2020,Malta,0,5,5
2020,Mauritius,34,36,70
2020,Myanmar,1272,2190,3462
2020,Namibia,43,29,72
2020,Nepal,6742,6953,13695
2020,Netherlands (Kingdom of the),7,67,74
2020,Niger,144,331,475
2020,Nicaragua,1754,8373,10127
2020,Nigeria,2523,14651,17174
2020,Niue,18,7,25
2020,Oman,14,28,42
2020,Pakistan,3887,6081,9968
2020,Panama,12,126,138
2020,Paraguay,15,102,117
2020,Peru,498,3422,3920
2020,Philippines,166,1558,1724
2020,Poland,9,898,907
2020,Portugal,5,197,202
2020,Qatar,20,25,45
2020,Romania,437,3094,3531
2020,South Africa,51,769,820
2020,Russian Federation,6530,12806,19336
2020,Rwanda,1219,1154,2373
2020,El Salvador,27434,126248,153682
2020,Saudi Arabia,594,787,1381
2020,Senegal,398,663,1061
2020,Singapore,8,39,47
2020,Sierra Leone,424,376,800
2020,Somalia,1698,335,2033
2020,Spain,9,155,164
2020,Serbia and Kosovo: S/RES/1244 (1999),712,1772,2484
2020,Viet Nam,396,1310,1706
2020,South Sudan,48,57,105
2020,Stateless,47,0,47
2020,Saint Kitts and Nevis,5,5,10
2020,Sudan,1412,876,2288
2020,Suriname,12,44,56
2020,Slovakia,5,51,56
2020,Slovenia,5,5,10
2020,Eswatini,5,15,20
2020,Sweden,0,24,24
2020,Switzerland,5,11,16
2020,Syrian Arab Rep.,8616,2630,11246
2020,United Rep. of Tanzania,126,244,370
2020,Turks and Caicos Islands,14,0,14
2020,Thailand,35,480,515
2020,Tajikistan,317,531,848
2020,Turkmenistan,205,342,547
2020,Timor-Leste,0,12,12
2020,Togo,529,648,1177
2020,Tonga,0,5,5
2020,Trinidad and Tobago,42,234,276
2020,Tunisia,94,264,358
2020,Türkiye,3062,4227,7289
2020,United Arab Emirates,73,146,219
2020,Uganda,1783,3311,5094
2020,Unknown ,6400,3477,9877
2020,Ukraine,2581,8222,10803
2020,Uruguay,5,131,136
2020,Uzbekistan,1282,2458,3740
2020,Vanuatu,0,20,20
2020,Saint Vincent and the Grenadines,30,17,47
2020,Venezuela (Bolivarian Republic of),17292,129667,146959
2020,Yemen,705,830,1535
2020,Zambia,45,119,164
2020,Zimbabwe,756,1041,1797
2021,Afghanistan,1649,1212,2861
2021,Albania,1272,2821,4093
2021,Algeria,147,541,688
2021,Angola,299,3361,3660
2021,Antigua and Barbuda,6,10,16
2021,Egypt,14248,9451,23699
2021,Argentina,23,499,522
2021,Armenia,1286,5344,6630
2021,Australia,0,14,14
2021,Austria,13,5,18
2021,Azerbaijan,521,1672,2193
2021,Bahrain,35,64,99
2021,Burundi,839,767,1606
2021,Belgium,13,54,67
2021,Benin,76,280,356
2021,Bangladesh,2344,10262,12606
2021,Bahamas,181,240,421
2021,Bhutan,27,435,462
2021,Burkina Faso,1373,3628,5001
2021,Belarus,1488,3591,5079
2021,Bolivia (Plurinational State of),81,845,926
2021,Botswana,0,10,10
2021,Brazil,1032,19429,20461
2021,Bosnia and Herzegovina,85,218,303
2021,Bulgaria,169,307,476
2021,Belize,38,296,334
2021,Cambodia,120,69,189
2021,Canada,15,82,97
2021,Central African Rep.,175,143,318
2021,Cayman Islands,5,0,5
2021,Chad,220,273,493
2021,China,68937,88722,157659
2021,Chile,23,874,897
2021,Cameroon,5081,5485,10566
2021,Congo,1038,2582,3620
2021,Dem. Rep. of the Congo,1460,2543,4003
2021,Comoros,5,5,10
2021,Colombia,2557,38168,40725
2021,Costa Rica,174,718,892
2021,Cuba,2689,18040,20729
2021,Curacao ,35,0,35
2021,Cabo Verde,0,42,42
2021,Czechia,8,74,82
2021,Denmark,0,5,5
2021,Djibouti,359,649,1008
2021,Dominica,14,61,75
2021,Dominican Rep.,247,1359,1606
2021,Ecuador,1525,25743,27268
2021,Equatorial Guinea,17,97,114
2021,Eritrea,5271,1073,6344
2021,Estonia,250,37,287
2021,Ethiopia,7659,8671,16330
2021,Fiji,114,425,539
2021,France,17,132,149
2021,Gabon,48,344,392
2021,Gambia,1357,805,2162
2021,Palestinian,20,136,156
2021,United Kingdom of Great Britain and Northern Ireland,27,144,171
2021,Georgia,465,2573,3038
2021,Germany,29,176,205
2021,Ghana,499,1049,1548
2021,Guadeloupe,0,88,88
2021,Guinea-Bissau,18,48,66
2021,Greece,14,88,102
2021,Grenada,18,40,58
2021,Guatemala,23180,152784,175964
2021,Guinea,1584,1218,2802
2021,Guyana,110,526,636
2021,Haiti,14695,38333,53028
2021,"China, Hong Kong SAR",11,182,193
2021,Honduras,17149,113713,130862
2021,Croatia,20,27,47
2021,Hungary,9,410,419
2021,Cote d'Ivoire,907,1449,2356
2021,India,9315,46602,55917
2021,Indonesia,930,3219,4149
2021,Ireland,0,33,33
2021,Iran (Islamic Rep. of),5331,3685,9016
2021,Iraq,5339,4510,9849
2021,Israel,97,637,734
2021,Italy,9,462,471
2021,Jamaica,892,1419,2311
2021,Jordan,670,3848,4518
2021,Japan,7,90,97
2021,Kazakhstan,1099,4551,5650
2021,Kenya,1617,6810,8427
2021,Kyrgyzstan,1590,2210,3800
2021,Rep. of Korea,21,290,311
2021,Dem. People's Rep. of Korea,6,36,42
2021,Kuwait,136,304,440
2021,Lao People's Dem. Rep.,61,186,247
2021,Liberia,1208,1207,2415
2021,Libya,385,1892,2277
2021,Saint Lucia,5,24,29
2021,Lebanon,381,1918,2299
2021,Lesotho,6,0,6
2021,Sri Lanka,1007,2252,3259
2021,Lithuania,15,87,102
2021,Latvia,16,110,126
2021,"China, Macao SAR",0,6,6
2021,Madagascar,7,24,31
2021,Mauritania,916,1115,2031
2021,North Macedonia,102,245,347
2021,Rep. of Moldova,1344,3079,4423
2021,Maldives,5,5,10
2021,Mexico,12606,111313,123919
2021,Marshall Islands,7,0,7
2021,Mali,896,645,1541
2021,Malaysia,88,409,497
2021,Malawi,34,178,212
2021,Montenegro,100,537,637
2021,Mongolia,635,3501,4136
2021,Morocco,132,312,444
2021,Mozambique,28,53,81
2021,Mauritius,31,46,77
2021,Myanmar,1223,3096,4319
2021,Namibia,17,29,46
2021,Nepal,6271,7702,13973
2021,Netherlands (Kingdom of the),7,69,76
2021,Niger,144,414,558
2021,Nicaragua,2083,11762,13845
2021,Nigeria,2948,25904,28852
2021,Niue,11,0,11
2021,Oman,18,32,50
2021,Pakistan,3818,9467,13285
2021,Panama,11,186,197
2021,Paraguay,11,110,121
2021,Peru,480,3983,4463
2021,Philippines,168,1728,1896
2021,Poland,9,921,930
2021,Portugal,5,270,275
2021,Qatar,20,24,44
2021,Romania,447,4030,4477
2021,South Africa,59,1311,1370
2021,Russian Federation,6718,21873,28591
2021,Rwanda,1223,1456,2679
2021,El Salvador,28996,131244,160240
2021,Saudi Arabia,628,1064,1692
2021,Senegal,385,719,1104
2021,Singapore,6,48,54
2021,Sierra Leone,399,511,910
2021,Somalia,1515,331,1846
2021,Spain,8,262,270
2021,Serbia and Kosovo: S/RES/1244 (1999),717,2008,2725
2021,Viet Nam,406,1580,1986
2021,South Sudan,54,71,125
2021,Stateless,47,0,47
2021,Saint Kitts and Nevis,5,5,10
2021,Sudan,1375,1254,2629
2021,Suriname,11,58,69
2021,Slovakia,5,47,52
2021,Slovenia,5,5,10
2021,Eswatini,5,10,15
2021,Sweden,0,33,33
2021,Switzerland,0,16,16
2021,Syrian Arab Rep.,8799,3500,12299
2021,United Rep. of Tanzania,109,281,390
2021,Turks and Caicos Islands,14,0,14
2021,Thailand,35,512,547
2021,Tajikistan,298,710,1008
2021,Turkmenistan,204,474,678
2021,Timor-Leste,0,14,14
2021,Togo,524,708,1232
2021,Trinidad and Tobago,40,288,328
2021,Tunisia,97,377,474
2021,Türkiye,4181,6780,10961
2021,United Arab Emirates,70,163,233
2021,Uganda,1773,3646,5419
2021,Unknown ,6276,4292,10568
2021,Ukraine,2608,11404,14012
2021,Uruguay,5,189,194
2021,Uzbekistan,1219,3447,4666
2021,Vanuatu,0,23,23
2021,Saint Vincent and the Grenadines,30,19,49
2021,Venezuela (Bolivarian Republic of),18735,246745,265480
2021,Samoa,0,5,5
2021,Yemen,679,1121,1800
2021,Zambia,40,178,218
2021,Zimbabwe,691,1261,1952
2022,Aruba,0,7,7
2022,Afghanistan,8931,12833,21764
2022,Albania,1433,2670,4103
2022,Algeria,131,575,706
2022,Angola,365,4368,4733
2022,Antigua and Barbuda,6,20,26
2022,Egypt,13383,9598,22981
2022,Argentina,18,751,769
2022,Armenia,1468,8553,10021
2022,Australia,0,8,8
2022,Austria,18,12,30
2022,Azerbaijan,584,1942,2526
2022,Bahrain,21,60,81
2022,Barbados,0,5,5
2022,Burundi,782,830,1612
2022,Belgium,6,54,60
2022,Benin,76,334,410
2022,Bangladesh,3086,11953,15039
2022,Bahamas,178,415,593
2022,Bhutan,34,406,440
2022,Burkina Faso,1470,3199,4669
2022,Belarus,1459,4660,6119
2022,Bolivia (Plurinational State of),75,1359,1434
2022,Botswana,0,24,24
2022,Brazil,1444,39573,41017
2022,Bosnia and Herzegovina,86,234,320
2022,Bulgaria,144,305,449
2022,Belize,34,404,438
2022,Cambodia,108,92,200
2022,Canada,29,132,161
2022,Central African Rep.,170,143,313
2022,Cayman Islands,5,0,5
2022,Chad,221,298,519
2022,China,64066,88554,152620
2022,Chile,87,2850,2937
2022,Cameroon,5214,5885,11099
2022,Congo,944,1793,2737
2022,Dem. Rep. of the Congo,1555,4275,5830
2022,Comoros,5,5,10
2022,Colombia,2984,68819,71803
2022,Costa Rica,183,900,1083
2022,Cuba,2968,168748,171716
2022,Curacao ,35,5,40
2022,Cabo Verde,0,57,57
2022,Cyprus,0,7,7
2022,Czechia,8,61,69
2022,Denmark,0,13,13
2022,Djibouti,372,614,986
2022,Dominica,14,44,58
2022,Dominican Rep.,251,2037,2288
2022,Ecuador,2656,37244,39900
2022,Equatorial Guinea,17,109,126
2022,Eritrea,5036,1414,6450
2022,Estonia,25,56,81
2022,Ethiopia,7661,9964,17625
2022,French Guiana,0,13,13
2022,Fiji,85,511,596
2022,Finland,0,5,5
2022,France,19,198,217
2022,Micronesia (Federated States of),0,5,5
2022,Gabon,59,398,457
2022,Gambia,1229,784,2013
2022,Palestinian,26,324,350
2022,United Kingdom of Great Britain and Northern Ireland,37,178,215
2022,Georgia,566,4845,5411
2022,Germany,41,401,442
2022,Ghana,544,1930,2474
2022,Guadeloupe,17,123,140
2022,Guinea-Bissau,20,64,84
2022,Greece,16,89,105
2022,Grenada,14,34,48
2022,Guatemala,25552,157113,182665
2022,Guinea,1477,1443,2920
2022,Guyana,120,523,643
2022,Haiti,14538,74297,88835
2022,"China, Hong Kong SAR",27,254,281
2022,Honduras,19319,128780,148099
2022,Croatia,15,59,74
2022,Hungary,15,445,460
2022,Iceland,0,5,5
2022,Cote d'Ivoire,811,1638,2449
2022,India,11646,61238,72884
2022,Indonesia,849,3580,4429
2022,Ireland,0,66,66
2022,Iran (Islamic Rep. of),5275,3558,8833
2022,Iraq,5368,4065,9433
2022,Israel,99,584,683
2022,Italy,18,403,421
2022,Jamaica,900,2206,3106
2022,Jordan,695,3348,4043
2022,Japan,7,99,106
2022,Kazakhstan,1191,4976,6167
2022,Kenya,1518,7512,9030
2022,Kyrgyzstan,1607,3496,5103
2022,Rep. of Korea,21,208,229
2022,Dem. People's Rep. of Korea,7,63,70
2022,Kuwait,152,870,1022
2022,Lao People's Dem. Rep.,58,188,246
2022,Liberia,1187,1088,2275
2022,Libya,438,1914,2352
2022,Saint Lucia,5,18,23
2022,Lebanon,417,2202,2619
2022,Lesotho,7,0,7
2022,Sri Lanka,939,2388,3327
2022,Lithuania,15,81,96
2022,Latvia,11,139,150
2022,"China, Macao SAR",10,10,20
2022,Madagascar,7,32,39
2022,Mauritania,905,1219,2124
2022,North Macedonia,107,227,334
2022,Rep. of Moldova,1230,3060,4290
2022,Maldives,5,5,10
2022,Mexico,13236,106046,119282
2022,Mali,800,679,1479
2022,Malaysia,83,346,429
2022,Malawi,25,224,249
2022,Montenegro,68,602,670
2022,Mongolia,646,3544,4190
2022,Morocco,111,334,445
2022,Mozambique,32,57,89
2022,Malta,0,5,5
2022,Mauritius,31,52,83
2022,Myanmar,1322,3773,5095
2022,Namibia,19,78,97
2022,Nepal,6224,8196,14420
2022,Netherlands (Kingdom of the),7,74,81
2022,Niger,138,352,490
2022,Nicaragua,3215,38882,42097
2022,Nigeria,3501,27674,31175
2022,Niue,11,7,18
2022,Oman,20,34,54
2022,Pakistan,3984,10023,14007
2022,Panama,19,504,523
2022,Paraguay,14,135,149
2022,Peru,555,8344,8899
2022,Philippines,160,1529,1689
2022,Poland,15,852,867
2022,Portugal,0,235,235
2022,Qatar,23,100,123
2022,Romania,504,5031,5535
2022,South Africa,54,1297,1351
2022,Russian Federation,7675,38366,46041
2022,Rwanda,1184,1184,2368
2022,El Salvador,32143,122775,154918
2022,Saudi Arabia,710,1890,2600
2022,Senegal,387,1557,1944
2022,Seychelles,0,5,5
2022,Singapore,12,58,70
2022,Sierra Leone,395,657,1052
2022,Somalia,1405,922,2327
2022,Spain,7,245,252
2022,Serbia and Kosovo: S/RES/1244 (1999),939,1825,2764
2022,Viet Nam,448,1638,2086
2022,South Sudan,56,87,143
2022,Saint Kitts and Nevis,5,5,10
2022,Sao Tome and Principe,0,5,5
2022,Sudan,1363,1187,2550
2022,Suriname,12,58,70
2022,Slovakia,0,36,36
2022,Slovenia,0,13,13
2022,Eswatini,5,13,18
2022,Sweden,0,34,34
2022,Switzerland,0,22,22
2022,Syrian Arab Rep.,8807,3137,11944
2022,United Rep. of Tanzania,91,432,523
2022,Turks and Caicos Islands,14,5,19
2022,Thailand,25,505,530
2022,Tajikistan,320,1453,1773
2022,Turkmenistan,208,537,745
2022,Timor-Leste,0,17,17
2022,Togo,508,806,1314
2022,Trinidad and Tobago,34,266,300
2022,Tunisia,105,468,573
2022,Türkiye,5464,10467,15931
2022,United Arab Emirates,103,515,618
2022,Uganda,1849,3812,5661
2022,Unknown ,6364,8564,14928
2022,Ukraine,3063,12369,15432
2022,Uruguay,5,312,317
2022,Uzbekistan,1415,6758,8173
2022,Vanuatu,5,57,62
2022,Holy See,0,5,5
2022,Saint Vincent and the Grenadines,30,20,50
2022,Venezuela (Bolivarian Republic of),22583,371386,393969
2022,Samoa,0,5,5
2022,Western Sahara,0,5,5
2022,Yemen,701,1029,1730
2022,Zambia,35,223,258
2022,Zimbabwe,680,1475,2155
